D 2
F 3
M 3
S 5
sd
49.127707 128.569921 
sf
186.836002 21.058115 144.961478 
sm
83.441372 19.773936 117.744036 
ss
176.742082 168.034697 20.660700 54.914170 45.040849 
cd
7.035693 9.401173 0.696158 9.823198 4.423666 0.099721 
cf
9.575617 3.283727 8.587378 2.257772 0.457032 4.617381 7.084147 8.597278 9.731101 
cm
5.799828 8.973417 9.876663 6.368178 8.537480 1.259432 3.685023 4.290191 2.639602 5.123407 7.032504 3.836873 9.514339 0.397023 2.894680 
ud
6.897484 7.280207 
uf
4.001736 7.306460 5.178662 
um
2.599754 4.152653 3.903644 
ps
0.852587 28.649892 32.840558 28.120334 45.469390 
xdminmax
0.000000 100.000000 0.000000 100.000000 0.000000 100.000000 0.000000 100.000000 0.000000 100.000000 0.000000 100.000000 
xfminmax
0.000000 100.000000 0.000000 100.000000 0.000000 100.000000 0.000000 100.000000 0.000000 100.000000 0.000000 100.000000 0.000000 100.000000 0.000000 100.000000 0.000000 100.000000 
xmminmax
0.000000 100.000000 0.000000 100.000000 0.000000 100.000000 0.000000 100.000000 0.000000 100.000000 0.000000 100.000000 0.000000 100.000000 0.000000 100.000000 0.000000 100.000000 0.000000 100.000000 0.000000 100.000000 0.000000 100.000000 0.000000 100.000000 0.000000 100.000000 0.000000 100.000000 
